Max ULP			P	Average ULP		P	bit	degree
1.99987592e+15	1	1.49769111e+15	1	0	0

8.52933952e+14	2	6.38513377e+14	2	1	0

7.49984630e+14	2	5.61423027e+14	3	0	1

4.24956820e+14	3	3.18021061e+14	3	0	2

3.98872946e+14	3	2.98434788e+14	3	2	0

2.89285434e+14	3	2.16468173e+14	4	0	3

2.17254613e+14	4	1.62538329e+14	4	0	4

1.93324235e+14	4	1.44536461e+14	4	3	0

1.73211200e+14	4	1.29567901e+14	5	0	5

1.43698797e+14	4	1.07492047e+14	5	0	6

1.22623351e+14	5	9.17232284e+13	5	0	7

1.19472345e+14	5	8.93733464e+13	5	1	1

9.52178622e+13	5	7.11267511e+13	5	4	0

4.72575911e+13	6	3.52682366e+13	6	5	0

2.48586663e+13	7	1.85857224e+13	7	2	1

2.35421330e+13	7	1.75526376e+13	8	6	0

2.29559605e+13	7	1.71718587e+13	8	1	2

1.17495448e+13	8	8.75176728e+12	9	7	0

5.71418329e+12	9	4.27039271e+12	10	3	1

5.11118143e+12	9	3.82257444e+12	10	1	3

2.07990876e+12	11	1.55445086e+12	11	2	2

1.37216615e+12	11	1.02477521e+12	12	4	1

1.23943303e+12	11	9.26773604e+11	12	1	4

3.36339290e+11	13	2.50982096e+11	14	5	1

3.17750348e+11	13	2.37608118e+11	14	1	5

2.24939637e+11	14	1.68004035e+11	14	3	2

2.00197844e+11	14	1.49629558e+11	14	2	3

8.47098241e+10	15	6.33346813e+10	16	1	6

8.32674720e+10	15	6.20795229e+10	16	6	1

2.62422667e+10	17	1.95919541e+10	17	4	2

2.32469097e+10	17	1.73790855e+10	17	1	7

2.09171701e+10	17	1.56328331e+10	18	2	4

2.07159423e+10	17	1.54300599e+10	18	7	1

1.01541678e+10	18	7.58154971e+09	19	3	3

3.17148923e+09	20	2.36620487e+09	20	5	2

2.30640190e+09	20	1.72340363e+09	21	2	5

5.74652489e+08	22	4.28841029e+08	23	4	3

4.96752540e+08	23	3.70908930e+08	23	3	4

3.89879869e+08	23	2.90646517e+08	23	6	2

2.64177058e+08	24	1.97361304e+08	24	2	6

4.83325400e+07	26	3.59983877e+07	26	7	2

3.42166400e+07	26	2.55225814e+07	27	5	3

3.11281200e+07	27	2.32562802e+07	27	2	7

2.56219890e+07	27	1.91321483e+07	27	3	5

1.36263410e+07	28	1.01649046e+07	28	4	4

2.08793100e+06	31	1.55631506e+06	31	6	3

1.37200100e+06	31	1.02447259e+06	32	3	6

3.99586000e+05	33	2.97970698e+05	33	5	4

3.40506000e+05	33	2.53984880e+05	34	4	5

1.28951005e+05	35	9.60375336e+04	35	7	3

7.55480052e+04	35	5.64069149e+04	36	3	7

1.21000000e+04	38	9.01779376e+03	38	6	4

8.83000000e+03	38	6.58655951e+03	39	4	6

4.91633319e+03	39	3.66466603e+03	40	5	5

3.72455950e+02	43	2.77028885e+02	43	7	4

2.35493511e+02	44	1.75304930e+02	44	4	7

7.44966765e+01	45	5.51409428e+01	46	6	5

6.24941741e+01	46	4.62054469e+01	46	5	6

2.29368011e+00	50	9.95634272e-01	52	7	5

2.22885401e+00	50	8.32606559e-03	58	7	7

2.22885401e+00	50	8.32548628e-03	58	7	6

2.15445577e+00	50	7.89023357e-03	58	6	6

2.15445577e+00	50	7.87305986e-03	58	6	7

2.11501864e+00	50	9.95894671e-01	52	5	7
