function: asin_gen	
interval: [0,1]; N = 1000000 for precision; N = 1000	
Note: For gcc 4.4.7, the performance of asin in lm = 65; for sw5mc, asin = 108.5 
max ULP			P	average ULP		P	bit	degree	gccPer1		gccPer2		gccPer3		swPer
1.99987592e+15	1	1.49769111e+15	1	0	0		18.531429	21.185714	22.111429	43.000000
8.52933952e+14	2	6.38513377e+14	2	1	0       19.528571   18.061429   18.464286   46.000000
7.49984630e+14	2	5.61423027e+14	3	0	1       42.311429   20.244286   19.415714   45.000000
4.24956820e+14	3	3.18021061e+14	3	0	2       18.984286   18.874286   18.064286   46.000000
3.98872946e+14	3	2.98434788e+14	3	2	0       19.728571   18.038571   19.284286   49.040000
2.89285434e+14	3	2.16468173e+14	4	0	3       18.484286   19.044286   18.065714   46.000000
2.17254613e+14	4	1.62538329e+14	4	0	4       50.000000   19.815714   18.088571   46.000000
1.93324235e+14	4	1.44536461e+14	4	3	0       18.428571   19.745714   19.048571   49.054286
1.73211200e+14	4	1.29567901e+14	5	0	5       19.137143   50.000000   18.050000   46.000000
1.43698797e+14	4	1.07492047e+14	5	0	6       20.187143   18.711429   20.038571   76.000000
1.22623351e+14	5	9.17232284e+13	5	0	7       19.077143   18.030000   50.000000   71.000000
1.19472345e+14	5	8.93733464e+13	5	1	1       56.937143   20.612857   22.645714   49.000000
9.52178622e+13	5	7.11267511e+13	5	4	0       18.022857   19.792857   19.425714   50.564286
4.72575911e+13	6	3.52682366e+13	6	5	0       50.000000   52.895714   50.000000   50.265714
2.48586663e+13	7	1.85857224e+13	7	2	1       18.174286   18.044286   18.048571   51.000000
2.35421330e+13	7	1.75526376e+13	8	6	0       19.741429   50.000000   19.067143   49.000000
2.29559605e+13	7	1.71718587e+13	8	1	2       19.077143   19.681429   50.160000   49.000000
1.17495448e+13	8	8.75176728e+12	9	7	0       18.031429   20.522857   19.642857   50.618571
5.71418329e+12	9	4.27039271e+12	10	3	1       18.984286   20.287143   19.058571   51.000000
5.11118143e+12	9	3.82257444e+12	10	1	3       21.178571   18.051429   18.047143   50.000000
2.07990876e+12	11	1.55445086e+12	11	2	2       19.294286   50.000000   18.042857   53.501429
1.37216615e+12	11	1.02477521e+12	12	4	1       19.077143   18.058571   19.532857   51.000000
1.23943303e+12	11	9.26773604e+11	12	1	4       19.095714   50.000000   18.065714   49.000000
3.36339290e+11	13	2.50982096e+11	14	5	1       19.188571   19.392857   19.707143   51.000000
3.17750348e+11	13	2.37608118e+11	14	1	5       19.368571   19.077143   18.780000   50.000000
2.24939637e+11	14	1.68004035e+11	14	3	2       18.092857   18.045714   50.000000   53.501429
2.00197844e+11	14	1.49629558e+11	14	2	3       19.244286   19.057143   20.002857   54.501429
8.47098241e+10	15	6.33346813e+10	16	1	6       19.552857   18.932857   19.822857   76.000000
8.32674720e+10	15	6.20795229e+10	16	6	1       19.058571   50.000000   18.051429   51.000000
2.62422667e+10	17	1.95919541e+10	17	4	2       19.697143   19.697143   18.054286   53.500000
2.32469097e+10	17	1.73790855e+10	17	1	7       19.864286   18.042857   52.244286   71.000000
2.09171701e+10	17	1.56328331e+10	18	2	4       56.982857   21.181429   23.105714   75.000000
2.07159423e+10	17	1.54300599e+10	18	7	1       19.040000   21.764286   19.058571   51.000000
1.01541678e+10	18	7.58154971e+09	19	3	3       18.474286   19.041429   18.551429   54.502857
3.17148923e+09	20	2.36620487e+09	20	5	2       18.480000   18.608571   19.327143   53.501429
2.30640190e+09	20	1.72340363e+09	21	2	5       19.974286   18.610000   18.617143   75.077143
5.74652489e+08	22	4.28841029e+08	23	4	3       19.081429   19.887143   50.000000   54.498571
4.96752540e+08	23	3.70908930e+08	23	3	4       22.695714   20.552857   20.647143   75.000000
3.89879869e+08	23	2.90646517e+08	23	6	2       50.000000   50.000000   18.434286   53.500000
2.64177058e+08	24	1.97361304e+08	24	2	6       20.197143   18.582857   51.200000   84.000000
4.83325400e+07	26	3.59983877e+07	26	7	2       19.207143   19.085714   18.058571   53.502857
3.42166400e+07	26	2.55225814e+07	27	5	3       19.055714   50.000000   50.000000   54.500000
3.11281200e+07	27	2.32562802e+07	27	2	7       24.808571   18.935714   20.947143   82.000000
2.56219890e+07	27	1.91321483e+07	27	3	5       18.618571   20.584286   51.097143   75.000000
1.36263410e+07	28	1.01649046e+07	28	4	4       22.071429   21.670000   55.637143   75.000000
2.08793100e+06	31	1.55631506e+06	31	6	3       18.000000   18.000000   19.184286   54.500000
1.37200100e+06	31	1.02447259e+06	32	3	6       20.054286   20.110000   19.590000   84.000000
3.99586000e+05	33	2.97970698e+05	33	5	4       22.147143   54.551429   21.971429   77.138571
3.40506000e+05	33	2.53984880e+05	34	4	5       18.935714   18.691429   20.042857   75.000000
1.28951005e+05	35	9.60375336e+04	35	7	3       50.000000   19.228571   19.164286   54.500000
7.55480052e+04	35	5.64069149e+04	36	3	7       52.045714   19.664286   19.857143   82.000000
1.21000000e+04	38	9.01779376e+03	38	6	4       22.122857   20.830000   22.695714   77.415714
8.83000000e+03	38	6.58655951e+03	39	4	6       20.072857   21.601429   20.041429   84.000000
4.91633319e+03	39	3.66466603e+03	40	5	5       51.154286   19.020000   20.101429   75.004286
3.72455950e+02	43	2.77028885e+02	43	7	4       22.131429   20.604286   22.004286   75.000000
2.35493511e+02	44	1.75304930e+02	44	4	7       52.068571   18.955714   18.995714   82.000000
7.44966765e+01	45	5.51409428e+01	46	6	5       120.91285   18.627143   18.647143   75.067143
6.24941741e+01	46	4.62054469e+01	46	5	6       19.661429   54.130000   19.295714   84.000000
2.29368011e+00	50	9.95634272e-01	52	7	5       19.902857   24.631429   21.317143   75.000000
2.22885401e+00	50	8.32606559e-03	58	7	7       20.715714   52.102857   19.325714   82.000000
2.22885401e+00	50	8.32548628e-03	58	7	6       21.505714   21.108571   20.924286   84.000000
2.15445577e+00	50	7.89023357e-03	58	6	6       19.760000   53.861429   21.074286   84.000000
2.15445577e+00	50	7.87305986e-03	58	6	7       20.757143   19.698571   52.171429   82.000000
2.11501864e+00	50	9.95894671e-01	52	5	7       20.458571   21.197143   20.242857   82.000000
