1.00000000000000000e+00,
9.99924701839144541e-01,
9.99698818696204220e-01,
9.99322384588349501e-01,
9.98795456205172393e-01,
9.98118112900149207e-01,
9.97290456678690216e-01,
9.96312612182778013e-01,
9.95184726672196886e-01,
9.93906970002356042e-01,
9.92479534598709998e-01,
9.90902635427780025e-01,
9.89176509964780973e-01,
9.87301418157858382e-01,
9.85277642388941245e-01,
9.83105487431216327e-01,
9.80785280403230449e-01,
9.78317370719627633e-01,
9.75702130038528544e-01,
9.72939952205560145e-01,
9.70031253194543993e-01,
9.66976471044852109e-01,
9.63776065795439867e-01,
9.60430519415565811e-01,
9.56940335732208865e-01,
9.53306040354193837e-01,
9.49528180593036667e-01,
9.45607325380521326e-01,
9.41544065183020778e-01,
9.37339011912574923e-01,
9.32992798834738888e-01,
9.28506080473215566e-01,
9.23879532511286756e-01,
9.19113851690057744e-01,
9.14209755703530655e-01,
9.09167983090522377e-01,
9.03989293123443332e-01,
8.98674465693953843e-01,
8.93224301195515320e-01,
8.87639620402853948e-01,
8.81921264348355030e-01,
8.76070094195406607e-01,
8.70086991108711419e-01,
8.63972856121586738e-01,
8.57728610000272070e-01,
8.51355193105265142e-01,
8.44853565249707073e-01,
8.38224705554838043e-01,
8.31469612302545237e-01,
8.24589302785025264e-01,
8.17584813151583697e-01,
8.10457198252594792e-01,
8.03207531480644910e-01,
7.95836904608883536e-01,
7.88346427626606262e-01,
7.80737228572094478e-01,
7.73010453362736961e-01,
7.65167265622458926e-01,
7.57208846506484548e-01,
7.49136394523459325e-01,
7.40951125354959091e-01,
7.32654271672412835e-01,
7.24247082951466921e-01,
7.15730825283818654e-01,
