function: exp_gen
interval: [0,1]; N = 1000000;
Note: For gcc, the performance of exp in lm = 53; sw5mc = 74 
max ULP			P	average ULP		P	bit	degree	gccPer1		gccPer2		gccPer3		swPer
3.11549666e+15	0	2.92269776e+15	0	0	0		19.170000	21.185714	19.290000	61.610000
1.54539107e+15	1	1.50360698e+15	1	1	0       19.998571   18.061429   19.790000   61.000000
7.83078665e+14	2	2.61547036e+14	4	0	1       50.000000   20.244286   18.965714   61.000000
7.78467315e+14	2	7.57248017e+14	2	2	0       18.202857   18.874286   18.965714   61.000000
3.89963246e+14	3	3.79246843e+14	3	3	0       50.000000   18.038571   50.000000   61.000000
1.95073079e+14	4	1.89667499e+14	4	4	0       50.000000   19.044286   19.285714   61.000000
1.48136598e+14	4	1.51469092e+13	8	0	2       19.888571   19.815714   21.742857   63.000000
9.75479792e+13	5	9.48216922e+13	5	5	0       19.307143   19.745714   50.000000   61.000000
6.75039842e+13	6	6.56702216e+13	6	1	1       18.040000   50.000000   18.344286   61.000000
4.87754199e+13	6	4.74004585e+13	6	6	0       19.470000   18.711429   18.148571   61.000000
2.43878887e+13	7	2.36944530e+13	7	7	0       18.052857   18.030000   50.000000   61.000000
2.16742839e+13	7	6.59417256e+11	12	0	3       19.544286   20.612857   18.462857   61.000000
1.68973723e+13	8	1.64355386e+13	8	2	1       18.045714   19.792857   18.047143   61.000000
4.22566853e+12	10	4.10938383e+12	10	3	1       50.000000   52.895714   18.928571   61.000000
2.56468076e+12	10	2.31584953e+10	17	0	4       19.911429   18.044286   19.448571   61.000000
1.95012702e+12	11	1.89687380e+12	11	1	2       18.480000   50.000000   20.038571   62.000000
1.05649981e+12	12	1.02722588e+12	12	4	1       18.582857   19.681429   18.042857   61.000000
2.64130116e+11	14	2.56760977e+11	14	5	1       50.000000   20.522857   18.051429   61.000000
2.54332225e+11	14	6.94381676e+08	22	0	5       18.101429   20.287143   18.965714   76.000000
2.44022394e+11	14	2.37314777e+11	14	2	2       50.000000   18.051429   20.028571   62.000000
6.60328518e+10	16	6.41779367e+10	16	6	1       18.031429   50.000000   18.918571   61.000000
4.22501991e+10	16	4.10871619e+10	16	1	3       19.114286   18.058571   52.114286   62.000000
3.05110222e+10	17	2.96666715e+10	17	3	2       18.228571   50.000000   18.048571   62.000000
2.16934623e+10	17	1.91191766e+07	27	0	6       51.611429   19.392857   18.058571   62.000000
1.65082331e+10	18	1.60413674e+10	18	7	1       50.000000   19.077143   50.091429   61.000000
3.81412942e+09	20	3.70788100e+09	20	4	2       19.447143   18.045714   19.295714   62.000000
2.64301742e+09	20	2.56979878e+09	20	2	3       19.892857   19.057143   19.271429   62.000000
1.62278043e+09	21	5.43814556e+05	32	0	7       20.158571   18.932857   18.907143   84.000000
7.32256202e+08	22	7.12090332e+08	22	1	4       19.154286   50.000000   19.302857   62.000000
4.76774042e+08	23	4.63405413e+08	23	5	2       19.954286   19.697143   18.052857   62.000000
1.65225796e+08	24	1.60620312e+08	24	3	3       20.681429   18.042857   19.835714   62.000000
5.95970000e+07	26	5.79150606e+07	26	6	2       18.530000   21.181429   18.460000   62.000000
2.29009080e+07	27	2.22662663e+07	27	2	4       50.000000   21.764286   50.000000   62.000000
1.05754995e+07	28	1.02823302e+07	28	1	5       18.357143   19.041429   19.560000   62.000000
1.03271945e+07	28	1.00374898e+07	28	4	3       50.000000   18.608571   18.947143   62.000000
7.44963200e+06	29	7.23802320e+06	29	7	2       50.000000   18.610000   18.048571   62.000000
7.15794000e+05	32	6.95827735e+05	32	3	4       50.000000   19.887143   19.685714   62.000000
6.45459500e+05	32	6.27236882e+05	32	5	3       20.028571   20.552857   18.065714   62.000000
1.65356500e+05	34	1.60744935e+05	34	2	5       19.677143   50.000000   18.181429   62.000000
1.30912000e+05	35	1.27280312e+05	35	1	6       20.055714   18.582857   19.981429   63.000000
4.03415000e+04	36	3.91948740e+04	36	6	3       18.062857   19.085714   18.872857   62.000000
2.23700000e+04	37	2.17420133e+04	37	4	4       19.034286   50.000000   18.091429   62.000000
2.58449998e+03	40	2.51149912e+03	40	3	5       19.525714   18.935714   18.201429   62.000000
2.52149998e+03	40	2.44892312e+03	40	7	3       18.045714   20.584286   19.170000   62.000000
1.41849998e+03	41	1.37859029e+03	41	1	7       19.114286   21.670000   20.494286   79.000000
1.02400000e+03	42	9.95406269e+02	42	2	6       19.871429   18.000000   19.935714   63.000000
7.00000000e+02	42	6.80219290e+02	42	5	4       19.665714   20.110000   18.970000   62.000000
4.04999805e+01	46	3.88723804e+01	46	4	5       20.035714   54.551429   50.365714   62.000000
2.29428324e+01	47	2.13727895e+01	47	6	4       19.841429   18.691429   19.318571   62.000000
9.28479580e+00	48	7.77408756e+00	49	3	6       19.698571   19.228571   18.607143   63.000000
6.91344871e+00	49	5.83141162e+00	49	2	7       50.000000   19.664286   50.000000   79.000000
2.25509290e+00	50	1.67726899e-02	57	7	4       19.038571   20.830000   19.081429   62.000000
2.21466382e+00	50	9.73119229e-01	52	5	5       18.195714   21.601429   19.630000   62.000000
1.74951956e+00	51	1.54575988e-02	58	5	7       18.011429   19.020000   19.170000   79.000000
1.74951956e+00	51	1.54565131e-02	58	5	6       18.438571   20.604286   19.787143   63.000000
1.74951956e+00	51	1.52873820e-02	58	4	7       18.072857   18.955714   18.060000   79.000000
1.69372542e+00	51	1.52834619e-02	58	4	6       19.747143   18.627143   50.262857   63.000000
1.68493509e+00	51	1.54601427e-02	58	6	5       19.658571   54.130000   19.432857   62.000000
1.68493509e+00	51	1.54565754e-02	58	6	6       19.855714   24.631429   20.054286   63.000000
1.68493509e+00	51	1.54565754e-02	58	6	7       19.040000   52.102857   19.244286   79.000000
1.68184590e+00	51	1.50278814e-02	58	3	7       19.002857   21.108571   18.700000   79.000000
1.66801613e+00	51	1.57076336e-02	57	7	5       18.170000   53.861429   32.574286   62.000000
1.66801613e+00	51	1.57070043e-02	57	7	6       19.790000   19.698571   50.628571   63.000000
1.66801613e+00	51	1.57070043e-02	57	7	7       18.780000   21.197143   19.248571   79.000000
