3.11549666e+15		0	2.92269776e+15		0	0	0	
1.54539107e+15		1	1.50360698e+15		1	1	0	
7.83078665e+14		2	2.61547036e+14		4	0	1	
7.78467315e+14		2	7.57248017e+14		2	2	0	
3.89963246e+14		3	3.79246843e+14		3	3	0	
1.95073079e+14		4	1.89667499e+14		4	4	0	
1.48136598e+14		4	1.51469092e+13		8	0	2	
9.75479792e+13		5	9.48216922e+13		5	5	0	
6.75039842e+13		6	6.56702216e+13		6	1	1	
4.87754199e+13		6	4.74004585e+13		6	6	0	
2.43878887e+13		7	2.36944530e+13		7	7	0	
2.16742839e+13		7	6.59417256e+11		12	0	3	
1.68973723e+13		8	1.64355386e+13		8	2	1	
4.22566853e+12		10	4.10938383e+12		10	3	1	
2.56468076e+12		10	2.31584953e+10		17	0	4	
1.95012702e+12		11	1.89687380e+12		11	1	2	
1.05649981e+12		12	1.02722588e+12		12	4	1	
2.64130116e+11		14	2.56760977e+11		14	5	1	
2.54332225e+11		14	6.94381676e+08		22	0	5	
2.44022394e+11		14	2.37314777e+11		14	2	2	
6.60328518e+10		16	6.41779367e+10		16	6	1	
4.22501991e+10		16	4.10871619e+10		16	1	3	
3.05110222e+10		17	2.96666715e+10		17	3	2	
2.16934623e+10		17	1.91191766e+07		27	0	6	
1.65082331e+10		18	1.60413674e+10		18	7	1	
3.81412942e+09		20	3.70788100e+09		20	4	2	
2.64301742e+09		20	2.56979878e+09		20	2	3	
1.62278043e+09		21	5.43814556e+05		32	0	7	
7.32256202e+08		22	7.12090332e+08		22	1	4	
4.76774042e+08		23	4.63405413e+08		23	5	2	
1.65225796e+08		24	1.60620312e+08		24	3	3	
5.95970000e+07		26	5.79150606e+07		26	6	2	
2.29009080e+07		27	2.22662663e+07		27	2	4	
1.05754995e+07		28	1.02823302e+07		28	1	5	
1.03271945e+07		28	1.00374898e+07		28	4	3	
7.44963200e+06		29	7.23802320e+06		29	7	2	
7.15794000e+05		32	6.95827735e+05		32	3	4	
6.45459500e+05		32	6.27236882e+05		32	5	3	
1.65356500e+05		34	1.60744935e+05		34	2	5	
1.30912000e+05		35	1.27280312e+05		35	1	6	
4.03415000e+04		36	3.91948740e+04		36	6	3	
2.23700000e+04		37	2.17420133e+04		37	4	4	
2.58449998e+03		40	2.51149912e+03		40	3	5	
2.52149998e+03		40	2.44892312e+03		40	7	3	
1.41849998e+03		41	1.37859029e+03		41	1	7	
1.02400000e+03		42	9.95406269e+02		42	2	6	
7.00000000e+02		42	6.80219290e+02		42	5	4	
4.04999805e+01		46	3.88723804e+01		46	4	5	
2.29428324e+01		47	2.13727895e+01		47	6	4	
9.28479580e+00		48	7.77408756e+00		49	3	6	
6.91344871e+00		49	5.83141162e+00		49	2	7	
2.25509290e+00		50	1.67726899e-02		57	7	4	
2.21466382e+00		50	9.73119229e-01		52	5	5	
1.74951956e+00		51	1.54575988e-02		58	5	7	
1.74951956e+00		51	1.54565131e-02		58	5	6	
1.74951956e+00		51	1.52873820e-02		58	4	7	
1.69372542e+00		51	1.52834619e-02		58	4	6	
1.68493509e+00		51	1.54601427e-02		58	6	5	
1.68493509e+00		51	1.54565754e-02		58	6	6	
1.68493509e+00		51	1.54565754e-02		58	6	7	
1.68184590e+00		51	1.50278814e-02		58	3	7	
1.66801613e+00		51	1.57076336e-02		57	7	5	
1.66801613e+00		51	1.57070043e-02		57	7	6	
1.66801613e+00		51	1.57070043e-02		57	7	7	
