max ULP			P	average ULP		P	bit	degree	
9.00719630e+15	-1	6.32316090e+15	-1	0	0
9.00718756e+15	-1	3.95396733e+15	0	1	0
9.00717044e+15	-1	2.46512944e+15	0	2	0
9.00713712e+15	-1	1.50058523e+15	1	3	0
9.00708805e+15	-1	8.86695068e+14	2	4	0
9.00708805e+15	-1	5.15185819e+14	3	5	0
9.00708805e+15	-1	2.92698026e+14	3	6	0
9.00704465e+15	-1	1.64345371e+14	4	7	0
1.63117989e+15	1	5.55374685e+14	3	0	1
9.39578503e+14	2	1.90615623e+14	4	1	1
5.10695215e+14	3	6.22068134e+13	6	2	1
2.67319077e+14	4	1.93438099e+13	7	3	1
1.93772185e+14	4	8.56374178e+13	5	0	2
1.36839985e+14	5	5.84040731e+12	9	4	1
6.91533576e+13	6	1.72326115e+12	11	5	1
6.45084834e+13	6	1.82227497e+13	7	1	2
3.46869643e+13	7	4.96767554e+11	13	6	1
2.54067568e+13	7	1.09089003e+13	8	0	3
1.91397149e+13	7	3.42280454e+12	10	2	2
1.74636763e+13	8	1.41332060e+11	14	7	1
5.26547550e+12	9	5.72213015e+11	12	3	2
4.93459326e+12	9	1.29426584e+12	11	1	3
3.53056580e+12	10	1.59205255e+12	11	0	4
1.38863283e+12	11	8.83780009e+10	15	4	2
8.03854271e+11	12	1.35595459e+11	15	2	3
5.10448721e+11	13	2.25863376e+11	14	0	5
4.01016445e+11	13	1.16174548e+11	15	1	4
3.56646715e+11	13	1.31029574e+10	18	5	2
1.16852676e+11	15	1.20615245e+10	18	3	3
9.03835493e+10	15	1.87590719e+09	21	6	2
7.56736457e+10	15	3.37201574e+10	17	0	6
3.57971965e+10	16	6.32440203e+09	19	2	4
3.38606758e+10	17	9.24642271e+09	18	1	5
2.27455089e+10	17	2.63551739e+08	24	7	2
1.58156945e+10	18	9.69386059e+08	22	4	3
1.13472330e+10	18	5.08692782e+09	19	0	7
2.96082516e+09	20	8.34384279e+08	22	1	6
2.73015228e+09	20	2.97191654e+08	23	3	4
2.05962823e+09	21	7.35022281e+07	25	5	3
1.65962485e+09	21	2.84188802e+08	23	2	5
2.62801783e+08	24	5.32925339e+06	29	6	3
2.59443613e+08	24	7.32211392e+07	25	1	7
1.91482417e+08	24	1.21980569e+07	28	4	4
8.02473012e+07	25	1.43145182e+07	28	2	6
6.62483759e+07	26	7.01444112e+06	29	3	5
3.32027309e+07	27	3.78133377e+05	33	7	3
1.26738788e+07	28	4.66669106e+05	33	5	4
3.84140689e+06	30	6.76232994e+05	32	2	7
2.35668589e+06	30	1.49935296e+05	34	4	5
1.70793837e+06	31	1.82175927e+05	34	3	6
8.15161753e+05	32	1.70033588e+04	37	6	4
8.00903963e+04	35	2.92576458e+03	40	5	5
5.16713490e+04	36	6.04452520e+02	42	7	4
4.28878876e+04	36	4.65116029e+03	39	3	7
3.15148251e+04	37	1.98463114e+03	41	4	6
2.61331206e+03	40	5.39336011e+01	46	6	5
5.36752672e+02	42	1.96570586e+01	47	5	6
4.05854485e+02	43	2.61426069e+01	47	4	7
8.28373867e+01	45	1.06309107e+00	51	7	5
9.88473909e+00	48	3.61990611e-01	53	6	6
4.08252918e+00	49	3.23375315e-01	53	5	7
1.19454420e+00	51	2.51718934e-01	53	6	7
1.06409747e+00	51	2.50796803e-01	53	7	6
1.02498676e+00	51	2.50730129e-01	53	7	7

