function: log_gen
interval: [1,2]; N = 1000000;
Note: For gcc, the performance of log in lm = 109.18; sw5mc = 49.5
max ULP			P	average ULP		P	bit	degree	gccPer1		gccPer2		gccPer3		swPer	
9.00719630e+15	-1	6.32316090e+15	-1	0	0		20.227143	21.185714	52.257143	66.511429
9.00718756e+15	-1	3.95396733e+15	0	1	0       20.108571   18.061429   20.330000   66.517143
9.00717044e+15	-1	2.46512944e+15	0	2	0       20.422857   20.244286   20.220000   66.511429
9.00713712e+15	-1	1.50058523e+15	1	3	0       51.497143   18.874286   20.122857   66.507143
9.00708805e+15	-1	8.86695068e+14	2	4	0       20.605714   18.038571   51.520000   66.507143
9.00708805e+15	-1	5.15185819e+14	3	5	0       51.634286   19.044286   51.657143   66.511429
9.00708805e+15	-1	2.92698026e+14	3	6	0       20.517143   19.815714   20.892857   66.520000
9.00704465e+15	-1	1.64345371e+14	4	7	0       20.622857   19.745714   51.588571   66.510000
1.63117989e+15	1	5.55374685e+14	3	0	1       19.432857   50.000000   19.452857   66.000000
9.39578503e+14	2	1.90615623e+14	4	1	1       21.251429   18.711429   20.820000   67.000000
5.10695215e+14	3	6.22068134e+13	6	2	1       21.430000   18.030000   20.832857   67.000000
2.67319077e+14	4	1.93438099e+13	7	3	1       20.625714   20.612857   22.617143   67.000000
1.93772185e+14	4	8.56374178e+13	5	0	2       19.750000   19.792857   20.330000   66.200000
1.36839985e+14	5	5.84040731e+12	9	4	1       20.878571   52.895714   53.988571   67.000000
6.91533576e+13	6	1.72326115e+12	11	5	1       21.530000   18.044286   21.827143   67.000000
6.45084834e+13	6	1.82227497e+13	7	1	2       19.874286   50.000000   22.070000   67.000000
3.46869643e+13	7	4.96767554e+11	13	6	1       21.120000   19.681429   21.130000   67.000000
2.54067568e+13	7	1.09089003e+13	8	0	3       18.928571   20.522857   50.000000   66.000000
1.91397149e+13	7	3.42280454e+12	10	2	2       29.618571   20.287143   19.980000   67.000000
1.74636763e+13	8	1.41332060e+11	14	7	1       20.940000   18.051429   20.874286   67.000000
5.26547550e+12	9	5.72213015e+11	12	3	2       19.295714   50.000000   22.267143   67.000000
4.93459326e+12	9	1.29426584e+12	11	1	3       19.090000   18.058571   19.095714   67.534286
3.53056580e+12	10	1.59205255e+12	11	0	4       20.682857   50.000000   20.014286   66.000000
1.38863283e+12	11	8.83780009e+10	15	4	2       20.217143   19.392857   19.661429   67.000000
8.03854271e+11	12	1.35595459e+11	15	2	3       50.000000   19.077143   19.021429   67.547143
5.10448721e+11	13	2.25863376e+11	14	0	5       50.000000   18.045714   50.000000   66.512857
4.01016445e+11	13	1.16174548e+11	15	1	4       19.188571   19.057143   18.992857   67.512857
3.56646715e+11	13	1.31029574e+10	18	5	2       20.531429   18.932857   19.817143   67.000000
1.16852676e+11	15	1.20615245e+10	18	3	3       19.062857   50.000000   20.757143   67.518571
9.03835493e+10	15	1.87590719e+09	21	6	2       19.710000   19.697143   19.145714   67.000000
7.56736457e+10	15	3.37201574e+10	17	0	6       19.778571   18.042857   19.094286   67.504286
3.57971965e+10	16	6.32440203e+09	19	2	4       50.000000   21.181429   19.100000   67.512857
3.38606758e+10	17	9.24642271e+09	18	1	5       46.795714   21.764286   20.480000   67.000000
2.27455089e+10	17	2.63551739e+08	24	7	2       20.144286   19.041429   27.960000   67.000000
1.58156945e+10	18	9.69386059e+08	22	4	3       18.000000   18.608571   19.081429   67.530000
1.13472330e+10	18	5.08692782e+09	19	0	7       18.850000   18.610000   19.897143   67.000000
2.96082516e+09	20	8.34384279e+08	22	1	6       50.000000   19.887143   36.712857   67.000000
2.73015228e+09	20	2.97191654e+08	23	3	4       18.040000   20.552857   19.002857   67.514286
2.05962823e+09	21	7.35022281e+07	25	5	3       18.912857   50.000000   18.965714   67.528571
1.65962485e+09	21	2.84188802e+08	23	2	5       50.000000   18.582857   21.745714   67.000000
2.62801783e+08	24	5.32925339e+06	29	6	3       19.025714   19.085714   19.095714   67.522857
2.59443613e+08	24	7.32211392e+07	25	1	7       19.941429   50.000000   19.380000   69.000000
1.91482417e+08	24	1.21980569e+07	28	4	4       18.951429   18.935714   19.025714   67.514286
8.02473012e+07	25	1.43145182e+07	28	2	6       18.947143   20.584286   20.655714   67.000000
6.62483759e+07	26	7.01444112e+06	29	3	5       19.034286   21.670000   18.902857   67.000000
3.32027309e+07	27	3.78133377e+05	33	7	3       50.000000   18.000000   19.058571   67.525714
1.26738788e+07	28	4.66669106e+05	33	5	4       19.665714   20.110000   19.178571   67.505714
3.84140689e+06	30	6.76232994e+05	32	2	7       19.895714   54.551429   19.144286   69.000000
2.35668589e+06	30	1.49935296e+05	34	4	5       19.075714   18.691429   23.637143   67.000000
1.70793837e+06	31	1.82175927e+05	34	3	6       18.430000   19.228571   18.955714   67.000000
8.15161753e+05	32	1.70033588e+04	37	6	4       19.188571   19.664286   19.225714   67.510000
8.00903963e+04	35	2.92576458e+03	40	5	5       19.047143   20.830000   19.164286   67.000000
5.16713490e+04	36	6.04452520e+02	42	7	4       19.100000   21.601429   19.211429   67.512857
4.28878876e+04	36	4.65116029e+03	39	3	7       19.165714   19.020000   18.951429   69.000000
3.15148251e+04	37	1.98463114e+03	41	4	6       18.955714   20.604286   19.118571   67.000000
2.61331206e+03	40	5.39336011e+01	46	6	5       21.858571   18.955714   21.008571   67.000000
5.36752672e+02	42	1.96570586e+01	47	5	6       19.122857   18.627143   19.127143   67.000000
4.05854485e+02	43	2.61426069e+01	47	4	7       18.518571   54.130000   19.255714   69.000000
8.28373867e+01	45	1.06309107e+00	51	7	5       21.387143   24.631429   19.285714   67.000000
9.88473909e+00	48	3.61990611e-01	53	6	6       19.081429   52.102857   19.114286   67.000000
4.08252918e+00	49	3.23375315e-01	53	5	7       19.051429   21.108571   19.202857   69.000000
1.19454420e+00	51	2.51718934e-01	53	6	7       19.884286   53.861429   19.195714   69.000000
1.06409747e+00	51	2.50796803e-01	53	7	6       18.500000   19.698571   21.280000   67.000000
1.02498676e+00	51	2.50730129e-01	53	7	7       19.111429   21.197143   19.080000   69.000000
