9.00708621e+15	-1	1.77665178e+14	4	0	0	
9.00708621e+15	-1	1.75454411e+14	4	1	0	
9.00708621e+15	-1	1.70321735e+14	4	2	0	
9.00708621e+15	-1	1.64565542e+14	4	3	0	
9.00686592e+15	-1	1.58395887e+14	4	4	0	
9.00686592e+15	-1	1.52055000e+14	4	5	0	
9.00686592e+15	-1	1.45591544e+14	4	6	0	
9.00686592e+15	-1	1.39066706e+14	5	7	0	
1.99980293e+15	1	3.87463099e+13	6	0	1	
4.72467438e+14	3	8.86202953e+12	8	1	1	
1.16342076e+14	5	2.10720424e+12	11	2	1	
6.49599585e+13	6	1.22969629e+12	11	0	2	
2.89740937e+13	7	5.05035472e+11	13	3	1	
7.23655291e+12	9	1.21037608e+11	15	4	1	
3.67863631e+12	10	6.79897727e+10	16	1	2	
1.80870247e+12	11	2.89544477e+10	17	5	1	
9.74351451e+11	12	1.83262588e+10	17	0	3	
4.52148382e+11	13	6.91037513e+09	19	6	1	
2.24774752e+11	14	4.01171481e+09	20	2	2	
1.13035393e+11	15	1.64520195e+09	21	7	1	
1.39707701e+10	18	2.40054799e+08	24	3	2	
1.35743622e+10	18	2.48489985e+08	24	1	3	
8.45834485e+09	19	1.57348346e+08	24	0	4	
8.71969782e+08	22	1.43701958e+07	28	4	2	
2.06581656e+08	24	3.65453899e+06	30	2	3	
5.44793467e+07	26	8.58910759e+05	32	5	2	
4.78624197e+07	26	8.91773092e+05	32	0	5	
2.91660347e+07	27	5.29077517e+05	32	1	4	
3.40466567e+06	30	5.12137988e+04	36	6	2	
3.20703567e+06	30	5.46045017e+04	36	3	3	
2.12786667e+05	34	3.04599772e+03	40	7	2	
1.90503667e+05	34	3.52617119e+03	40	0	6	
1.10702667e+05	35	1.93962124e+03	41	2	4	
5.00286668e+04	36	8.16807942e+02	42	4	3	
4.09776702e+04	36	7.44269885e+02	42	1	5	
7.81713074e+02	42	1.21936521e+01	48	5	3	
4.29713074e+02	43	7.23026475e+00	49	3	4	
4.17867193e+01	46	7.38982644e-01	52	1	6	
3.97867193e+01	46	6.84106996e-01	52	2	5	
1.27909090e+01	48	1.79917896e-01	54	6	3	
2.90260476e+00	50	3.30829664e-02	56	4	4	
1.91279654e+00	51	8.44409213e-03	58	7	3	
1.91279654e+00	51	8.40383969e-03	58	7	4	
1.91279654e+00	51	8.40383969e-03	58	7	5	
1.91279654e+00	51	8.40383969e-03	58	7	6	
1.58011461e+00	51	8.35248223e-03	58	6	4	
1.58011461e+00	51	8.35248223e-03	58	6	5	
1.58011461e+00	51	8.35248223e-03	58	6	6	
1.51827988e+00	51	8.30189518e-03	58	5	4	
1.51827988e+00	51	8.29986507e-03	58	5	5	
1.51827988e+00	51	8.29986507e-03	58	5	6	
1.37962212e+00	51	8.18949129e-03	58	4	5	
1.37962212e+00	51	8.18949129e-03	58	4	6	
1.30923765e+00	51	8.10820588e-03	58	3	5	
1.30923765e+00	51	8.09847613e-03	58	3	6	
1.30923765e+00	51	7.98532415e-03	58	2	6	
