function: sin_gen	
interval: [0,100]; N = 1000000 for precision; N = 1000	
Note: For gcc, the performance of sin in lm = 113; sw5mc = 75
max ULP			P	average ULP		P	bit	degree	gccPer1		gccPer2		gccPer3		swPer
9.006736e+15	53	1.823529e+14	48	0	0		20.254286	27.382857	19.262857	72.490000
9.006736e+15	53	1.694776e+14	48	1	0	    21.912857   36.000000   22.057143   80.000000
9.006736e+15	53	1.585739e+14	48	2	0	    26.605714   36.000000   25.712857   81.000000
9.006736e+15	53	1.491807e+14	48	3	0	    28.380000   36.000000   28.041429   81.000000
9.006736e+15	53	1.408672e+14	48	4	0	    24.140000   35.131429   66.640000   81.000000
9.006736e+15	53	1.332049e+14	47	5	0	    52.660000   35.828571   25.587143   81.000000
9.006736e+15	53	1.259868e+14	47	6	0	    25.147143   35.462857   26.674286   82.000000
9.006736e+15	53	1.190667e+14	47	7	0	    25.717143   42.691429   26.287143   82.478571
4.724630e+14	49	9.460292e+12	44	0	1	    30.542857   41.954286   26.455714   102.595714
1.163405e+14	47	2.256292e+12	42	1	1	    45.798571   59.371429   54.202857   109.000000
1.138452e+14	47	1.979732e+12	41	0	2	    41.400000   50.800000   36.308571   102.000000
2.897287e+13	45	5.478840e+11	39	2	1	    48.808571   59.794286   48.868571   116.000000
2.880782e+13	45	4.677970e+11	39	1	2	    50.571429   60.645714   42.684286   114.000000
7.235375e+12	43	1.334929e+11	37	3	1	    43.024286   60.611429   46.014286   116.000000
7.223093e+12	43	1.099941e+11	37	2	2	    112.305714  64.171429   49.685714   110.000000
1.846156e+12	41	3.365490e+10	35	0	3	    41.108571   52.520000   44.735714   101.642857
1.808427e+12	41	3.264317e+10	35	4	1	    48.351429   64.000000   50.137143   110.000000
1.806836e+12	41	2.585864e+10	35	3	2	    51.410000   64.000000   116.785714  110.000000
4.520772e+11	39	7.970366e+09	33	5	1	    43.728571   64.000000   50.435714   123.000000
4.517253e+11	39	6.086230e+09	33	4	2	    52.972857   62.548571   50.877143   119.000000
2.179910e+11	38	3.673748e+09	32	0	4	    44.424286   52.228571   60.252857   101.055714
1.137580e+11	37	1.991940e+09	31	1	3	    122.782857  56.822857   45.177143   130.000000
1.130065e+11	37	1.948053e+09	31	6	1	    54.767143   62.085714   49.384286   108.000000
1.129054e+11	37	1.431331e+09	31	5	2	    49.455714   63.685714   119.415714  108.000000
2.824142e+10	35	4.759785e+08	29	7	1	    50.818571   64.000000   63.150000   108.500000
2.819977e+10	35	3.363589e+08	29	6	2	    53.780000   62.445714   44.278571   109.000000
1.386174e+10	34	2.181163e+08	28	1	4	    49.418571   62.622857   50.950000   133.000000
7.084853e+09	33	1.200751e+08	27	2	3	    50.850000   63.400000   44.004286   120.000000
7.046103e+09	33	7.887647e+07	27	7	2	    51.884286   64.000000   120.311429  117.358571
2.518022e+09	32	4.489315e+07	26	0	5	    43.468571   53.577143   100.845714  102.000000
8.699608e+08	30	1.281607e+07	24	2	4	    51.415714   64.005714   45.815714   110.000000
4.423866e+08	29	7.282561e+06	23	3	3	    48.300000   63.805714   44.000000   120.000000
1.993406e+08	28	3.297157e+06	22	0	6	    104.544286  56.354286   46.078571   107.000000
5.442276e+07	26	7.514836e+05	20	3	4	    126.437143  63.720000   45.388571   110.000000
3.881830e+07	26	6.631192e+05	20	1	5	    57.678571   63.274286   122.771429  110.002857
2.764096e+07	25	4.418135e+05	19	4	3	    48.894286   62.034286   44.450000   109.000000
3.399832e+06	22	4.412162e+04	16	4	4	    50.404286   64.000000   44.604286   108.510000
3.178462e+06	22	4.907694e+04	16	1	6	    52.881429   64.182857   119.538571  116.000000
1.726109e+06	21	2.685186e+04	15	5	3	    121.395714  62.634286   99.584286   109.000000
6.046265e+05	20	9.957211e+03	14	2	5	    130.554286  66.714286   53.690000   108.000000
2.124559e+05	18	2.590624e+03	12	5	4	    47.984286   64.000000   45.847143   110.000000
1.078611e+05	17	1.631554e+03	11	6	3	    119.957143  62.102857   43.707143   115.897143
4.989850e+04	16	7.196481e+02	10	2	6	    48.467143   67.794286   48.401429   140.000000
1.327082e+04	14	1.519054e+02	8	6	4	    123.754286  63.680000   44.394286   130.132857
9.436497e+03	14	1.505772e+02	8	3	5	    47.500000   67.108571   61.880000   108.000000
6.736178e+03	13	9.898500e+01	7	7	3	    50.162857   62.308571   42.920000   109.000000
8.282471e+02	10	8.895395e+00	4	7	4	    47.781429   64.000000   50.385714   110.000000
7.800598e+02	10	1.054825e+01	4	3	6	    53.115714   67.434286   48.394286   140.000000
1.482471e+02	8	2.286270e+00	2	4	5	    51.895714   67.765714   129.530000  108.000000
1.268633e+01	4	1.544754e-01	-2	4	6	    53.741429   69.097143   49.531429   114.000000
3.077799e+00	2	3.398361e-02	-4	5	5	    52.797143   68.000000   50.877143   122.292857
1.785496e+00	1	1.014947e-02	-6	5	6	    51.108571   69.285714   81.028571   113.000000
1.475009e+00	1	1.028000e-02	-6	7	6	    56.540000   68.691429   52.938571   113.000000
1.475009e+00	1	1.027907e-02	-6	7	5	    46.341429   66.588571   105.377143  122.525714
1.475009e+00	1	1.019384e-02	-6	6	5	    51.597143   68.000000   51.740000   109.000000
1.475009e+00	1	1.017780e-02	-6	6	6	    56.305714   68.908571   56.764286   125.034286
