 [  9.00719200e+15   5.30000000e+01   3.60548900e+15   5.20000000e+01
    0.00000000e+00   0.00000000e+00]
 [  9.00719200e+15   5.30000000e+01   2.26435500e+15   5.20000000e+01
    1.00000000e+00   0.00000000e+00]
 [  9.00719200e+15   5.30000000e+01   1.39883000e+15   5.10000000e+01
    2.00000000e+00   0.00000000e+00]
 [  9.00719200e+15   5.30000000e+01   8.33687500e+14   5.00000000e+01
    3.00000000e+00   0.00000000e+00]
 [  9.00690500e+15   5.30000000e+01   4.87085700e+14   4.90000000e+01
    4.00000000e+00   0.00000000e+00]
 [  9.00642700e+15   5.30000000e+01   2.77778400e+14   4.80000000e+01
    5.00000000e+00   0.00000000e+00]
 [  9.00642700e+15   5.30000000e+01   1.56029400e+14   4.80000000e+01
    6.00000000e+00   0.00000000e+00]
 [  9.00642700e+15   5.30000000e+01   8.65987400e+13   4.70000000e+01
    7.00000000e+00   0.00000000e+00]
 [  4.72446800e+14   4.90000000e+01   2.02603200e+14   4.80000000e+01
    0.00000000e+00   1.00000000e+00]
 [  1.16336500e+14   4.70000000e+01   4.57368900e+13   4.60000000e+01
    1.00000000e+00   1.00000000e+00]
 [  1.13752900e+14   4.70000000e+01   2.77725200e+13   4.50000000e+01
    0.00000000e+00   2.00000000e+00]
 [  2.89718700e+13   4.50000000e+01   1.10142600e+13   4.40000000e+01
    2.00000000e+00   1.00000000e+00]
 [  2.87575900e+13   4.50000000e+01   4.43689100e+12   4.30000000e+01
    1.00000000e+00   2.00000000e+00]
 [  7.23501500e+12   4.30000000e+01   2.68268800e+12   4.20000000e+01
    3.00000000e+00   1.00000000e+00]
 [  7.19502000e+12   4.30000000e+01   6.93376800e+11   4.00000000e+01
    2.00000000e+00   2.00000000e+00]
 [  1.84323800e+12   4.10000000e+01   7.20709100e+11   4.00000000e+01
    0.00000000e+00   3.00000000e+00]
 [  1.80758200e+12   4.10000000e+01   6.67565200e+11   4.00000000e+01
    4.00000000e+00   1.00000000e+00]
 [  1.79196600e+12   4.10000000e+01   1.02920900e+11   3.70000000e+01
    3.00000000e+00   2.00000000e+00]
 [  4.51865900e+11   3.90000000e+01   1.65807100e+11   3.80000000e+01
    5.00000000e+00   1.00000000e+00]
 [  4.44963000e+11   3.90000000e+01   1.50354300e+10   3.40000000e+01
    4.00000000e+00   2.00000000e+00]
 [  2.17147200e+11   3.80000000e+01   5.37602000e+10   3.60000000e+01
    0.00000000e+00   4.00000000e+00]
 [  1.13354700e+11   3.70000000e+01   3.97126800e+10   3.60000000e+01
    1.00000000e+00   3.00000000e+00]
 [  1.12953800e+11   3.70000000e+01   4.14987300e+10   3.60000000e+01
    6.00000000e+00   1.00000000e+00]
 [  1.10807100e+11   3.70000000e+01   2.13630200e+09   3.10000000e+01
    5.00000000e+00   2.00000000e+00]
 [  2.82239600e+10   3.50000000e+01   1.03534200e+10   3.40000000e+01
    7.00000000e+00   1.00000000e+00]
 [  2.74675600e+10   3.50000000e+01   2.99118000e+08   2.90000000e+01
    6.00000000e+00   2.00000000e+00]
 [  1.37479500e+10   3.40000000e+01   2.19628900e+09   3.20000000e+01
    1.00000000e+00   4.00000000e+00]
 [  7.03113000e+09   3.30000000e+01   2.32999100e+09   3.20000000e+01
    2.00000000e+00   3.00000000e+00]
 [  6.74468100e+09   3.30000000e+01   4.13848200e+07   2.60000000e+01
    7.00000000e+00   2.00000000e+00]
 [  2.51166100e+09   3.20000000e+01   9.82227500e+08   3.00000000e+01
    0.00000000e+00   5.00000000e+00]
 [  8.61521900e+08   3.00000000e+01   8.60128800e+07   2.70000000e+01
    2.00000000e+00   4.00000000e+00]
 [  4.36391300e+08   2.90000000e+01   1.41425400e+08   2.80000000e+01
    3.00000000e+00   3.00000000e+00]
 [  1.97365000e+08   2.80000000e+01   4.89475100e+07   2.60000000e+01
    0.00000000e+00   6.00000000e+00]
 [  5.38916200e+07   2.60000000e+01   3.20446400e+06   2.20000000e+01
    3.00000000e+00   4.00000000e+00]
 [  5.03723100e+07   2.60000000e+01   8.71169100e+06   2.40000000e+01
    4.00000000e+00   3.00000000e+00]
 [  3.84717500e+07   2.60000000e+01   1.32757000e+07   2.40000000e+01
    1.00000000e+00   5.00000000e+00]
 [  3.44525200e+07   2.60000000e+01   5.05462500e+05   1.90000000e+01
    1.00000000e+00   6.00000000e+00]
 [  3.35118000e+07   2.50000000e+01   5.40747300e+05   2.00000000e+01
    5.00000000e+00   3.00000000e+00]
 [  3.24565900e+07   2.50000000e+01   3.37608900e+04   1.60000000e+01
    6.00000000e+00   3.00000000e+00]
 [  3.24185800e+07   2.50000000e+01   4.97612100e+03   1.30000000e+01
    2.00000000e+00   6.00000000e+00]
 [  3.23905100e+07   2.50000000e+01   2.18309300e+03   1.20000000e+01
    7.00000000e+00   3.00000000e+00]
 [  3.23866000e+07   2.50000000e+01   1.43142400e+02   8.00000000e+00
    3.00000000e+00   6.00000000e+00]
 [  3.23861000e+07   2.50000000e+01   1.23081800e+02   7.00000000e+00
    4.00000000e+00   6.00000000e+00]
 [  3.23860900e+07   2.50000000e+01   1.23097300e+02   7.00000000e+00
    5.00000000e+00   5.00000000e+00]
 [  3.23860900e+07   2.50000000e+01   1.23080300e+02   7.00000000e+00
    6.00000000e+00   5.00000000e+00]
 [  3.23860900e+07   2.50000000e+01   1.23080300e+02   7.00000000e+00
    6.00000000e+00   6.00000000e+00]
 [  3.23860900e+07   2.50000000e+01   1.23080200e+02   7.00000000e+00
    7.00000000e+00   5.00000000e+00]
 [  3.23860900e+07   2.50000000e+01   1.23080200e+02   7.00000000e+00
    7.00000000e+00   6.00000000e+00]
 [  3.23860900e+07   2.50000000e+01   1.23079300e+02   7.00000000e+00
    5.00000000e+00   6.00000000e+00]
 [  3.23860000e+07   2.50000000e+01   1.51361800e+02   8.00000000e+00
    4.00000000e+00   5.00000000e+00]
 [  3.23855500e+07   2.50000000e+01   1.23154000e+02   7.00000000e+00
    7.00000000e+00   4.00000000e+00]
 [  3.23799500e+07   2.50000000e+01   2.96011900e+03   1.20000000e+01
    3.00000000e+00   5.00000000e+00]
 [  3.23773900e+07   2.50000000e+01   2.23788800e+02   8.00000000e+00
    6.00000000e+00   4.00000000e+00]
 [  3.22471900e+07   2.50000000e+01   4.21944300e+03   1.30000000e+01
    5.00000000e+00   4.00000000e+00]
 [  3.19928500e+07   2.50000000e+01   1.91548200e+05   1.80000000e+01
    2.00000000e+00   5.00000000e+00]
 [  3.01683900e+07   2.50000000e+01   1.17030000e+05   1.70000000e+01
    4.00000000e+00   4.00000000e+00]
