max ULP			precision	average ULP		precision	bit		degree
9.00718400e+15	53			3.62437600e+15	52			0		0
9.00718400e+15	53			2.27974300e+15	52			1		0
9.00715500e+15	53			1.40794000e+15	51			2		0
9.00715500e+15	53			8.40765800e+14	50			3		0
9.00713700e+15	53			4.90871800e+14	49			4		0
9.00713700e+15	53			2.80052900e+14	48			5		0
9.00573400e+15	53			1.57368500e+14	48			6		0
9.00573400e+15	53			8.73443700e+13	47			7		0
4.72406400e+14	49			2.02492800e+14	48			0		1
1.16323300e+14	47			4.57389200e+13	46			1		1
1.13652300e+14	47			2.79668900e+13	45			0		2
2.89653600e+13	45			1.10066300e+13	44			2		1
2.87321900e+13	45			4.46148300e+12	43			1		2
7.23017000e+12	43			2.68289400e+12	42			3		1
7.18868100e+12	43			6.98794100e+11	40			2		2
1.84161000e+12	41			7.21288000e+11	40			0		3
1.80653200e+12	41			6.66428900e+11	40			4		1
1.79039600e+12	41			1.03827600e+11	37			3		2
4.51553100e+11	39			1.65813700e+11	38			5		1
4.43519600e+11	39			1.51335000e+10	34			4		2
2.16955800e+11	38			5.40235800e+10	36			0		4
1.13254900e+11	37			3.97225500e+10	36			1		3
1.12853700e+11	37			4.14325500e+10	36			6		1
1.08767300e+11	37			2.15129100e+09	32			5		2
2.81988800e+10	35			1.03502000e+10	34			7		1
2.68588200e+10	35			3.02495200e+08	29			6		2
1.37357700e+10	34			2.21176400e+09	32			1		4
7.02508900e+09	33			2.32800500e+09	32			2		3
6.69592500e+09	33			4.19269600e+07	26			7		2
2.51166000e+09	32			9.84096400e+08	30			0		5
8.61530000e+08	30			8.63697700e+07	27			2		4
4.34973900e+08	29			1.41374000e+08	28			3		3
1.97318600e+08	28			4.92126300e+07	26			0		6
5.38939600e+07	26			3.23472800e+06	22			3		4
3.83117800e+07	26			1.32647200e+07	24			1		5
2.70057300e+07	25			8.71154800e+06	24			4		3
3.36742300e+06	22			1.17769600e+05	17			4		4
3.11348900e+06	22			5.08224700e+05	19			1		6
1.68703700e+06	21			5.40070300e+05	20			5		3
5.88614700e+05	20			1.91564400e+05	18			2		5
2.10386400e+05	18			4.20108800e+03	13			5		4
1.05399600e+05	17			3.36758700e+04	16			6		3
4.78442900e+04	16			4.94679400e+03	13			2		6
1.31509300e+04	14			1.47315800e+02	8			6		4
8.99683500e+03	14			2.88313200e+03	12			3		5
6.58807300e+03	13			2.10399400e+03	12			7		3
8.20903500e+02	10			5.17091900e+00	3			7		4
7.48858300e+02	10			4.64139100e+01	6			3		6
1.40892800e+02	8			4.41097500e+01	6			4		5
1.28469900e+01	4			6.41597800e-01	0			4		6
3.45037900e+00	2			7.60066000e-01	0			5		5
1.88041000e+00	1			3.54456400e-01	-1			5		6
1.83651800e+00	1			3.66115200e-01	-1			7		6
1.83651800e+00	1			3.66114900e-01	-1			7		5
1.83651800e+00	1			3.61851600e-01	-1			6		5
1.83651800e+00	1			3.61629500e-01	-1			6		6
