0.00000000000000000e+00,
1.22715382857199261e-02,
2.45412285229122880e-02,
3.68072229413588323e-02,
4.90676743274180143e-02,
6.13207363022085778e-02,
7.35645635996674235e-02,
8.57973123444398905e-02,
9.80171403295606020e-02,
1.10222207293883059e-01,
1.22410675199216198e-01,
1.34580708507126186e-01,
1.46730474455361752e-01,
1.58858143333861442e-01,
1.70961888760301226e-01,
1.83039887955140959e-01,
1.95090322016128268e-01,
2.07111376192218550e-01,
2.19101240156869797e-01,
2.31058108280671120e-01,
2.42980179903263890e-01,
2.54865659604514572e-01,
2.66712757474898386e-01,
2.78519689385053105e-01,
2.90284677254462368e-01,
3.02005949319228067e-01,
3.13681740398891477e-01,
3.25310292162262934e-01,
3.36889853392220051e-01,
3.48418680249434568e-01,
3.59895036534988149e-01,
3.71317193951837543e-01,
3.82683432365089772e-01,
3.93992040061048109e-01,
4.05241314004989871e-01,
4.16429560097637183e-01,
4.27555093430282094e-01,
4.38616238538527638e-01,
4.49611329654606600e-01,
4.60538710958240024e-01,
4.71396736825997649e-01,
4.82183772079122749e-01,
4.92898192229784037e-01,
5.03538383725717559e-01,
5.14102744193221727e-01,
5.24589682678468906e-01,
5.34997619887097211e-01,
5.45324988422046422e-01,
5.55570233019602225e-01,
5.65731810783613197e-01,
5.75808191417845301e-01,
5.85797857456438860e-01,
5.95699304492433343e-01,
6.05511041404325514e-01,
6.15231590580626845e-01,
6.24859488142386377e-01,
6.34393284163645498e-01,
6.43831542889791465e-01,
6.53172842953776764e-01,
6.62415777590171761e-01,
6.71558954847018401e-01,
6.80600997795453051e-01,
6.89540544737066925e-01,
6.98376249408972854e-01,
